[(1, 10), (2, 12), (3, 15), (4, 6), (5, 16), (7, 8), (9, 13), (11, 14)]
[(1, 10), (2, 14), (3, 5), (4, 11), (6, 7), (8, 12), (9, 15), (13, 16)]
[(1, 10), (2, 14), (3, 7), (4, 15), (5, 8), (6, 16), (9, 11), (12, 13)]
[(1, 10), (2, 3), (4, 16), (5, 8), (6, 13), (7, 11), (9, 15), (12, 14)]
[(1, 10), (2, 6), (3, 9), (4, 14), (5, 8), (7, 12), (11, 13), (15, 16)]
[(1, 10), (2, 7), (3, 4), (5, 15), (6, 12), (8, 11), (9, 13), (14, 16)]
[(1, 10), (2, 8), (3, 15), (4, 11), (5, 9), (6, 7), (12, 14), (13, 16)]
[(1, 10), (2, 8), (3, 5), (4, 16), (6, 13), (7, 11), (9, 12), (14, 15)]
[(1, 11), (2, 13), (3, 15), (4, 5), (6, 8), (7, 16), (9, 12), (10, 14)]
[(1, 11), (2, 13), (3, 4), (5, 8), (6, 14), (7, 9), (10, 15), (12, 16)]
[(1, 12), (2, 10), (3, 5), (4, 16), (6, 9), (7, 11), (8, 15), (13, 14)]
[(1, 12), (2, 10), (3, 6), (4, 14), (5, 9), (7, 8), (11, 16), (13, 15)]
[(1, 12), (2, 14), (3, 6), (4, 8), (5, 15), (7, 16), (9, 10), (11, 13)]
[(1, 12), (2, 16), (3, 8), (4, 5), (6, 13), (7, 15), (9, 11), (10, 14)]
[(1, 12), (2, 6), (3, 13), (4, 7), (5, 10), (8, 16), (9, 11), (14, 15)]
[(1, 12), (2, 7), (3, 4), (5, 14), (6, 10), (8, 15), (9, 11), (13, 16)]
[(1, 12), (2, 9), (3, 4), (5, 14), (6, 8), (7, 11), (10, 15), (13, 16)]
[(1, 12), (2, 9), (3, 5), (4, 16), (6, 10), (7, 15), (8, 11), (13, 14)]
[(1, 13), (2, 10), (3, 4), (5, 16), (6, 9), (7, 11), (8, 15), (12, 14)]
[(1, 13), (2, 10), (3, 5), (4, 14), (6, 7), (8, 11), (9, 15), (12, 16)]
[(1, 13), (2, 3), (4, 11), (5, 8), (6, 10), (7, 16), (9, 15), (12, 14)]
[(1, 13), (2, 3), (4, 6), (5, 14), (7, 11), (8, 15), (9, 12), (10, 16)]
[(1, 13), (2, 8), (3, 5), (4, 11), (6, 10), (7, 16), (9, 12), (14, 15)]
[(1, 13), (2, 8), (3, 5), (4, 14), (6, 9), (7, 15), (10, 11), (12, 16)]
[(1, 13), (2, 9), (3, 12), (4, 6), (5, 8), (7, 11), (10, 16), (14, 15)]
[(1, 13), (2, 9), (3, 4), (5, 16), (6, 10), (7, 15), (8, 11), (12, 14)]
[(1, 14), (2, 10), (3, 15), (4, 6), (5, 8), (7, 13), (9, 16), (11, 12)]
[(1, 14), (2, 5), (3, 13), (4, 9), (6, 8), (7, 15), (10, 16), (11, 12)]
[(1, 15), (2, 10), (3, 7), (4, 11), (5, 16), (6, 8), (9, 14), (12, 13)]
[(1, 15), (2, 11), (3, 4), (5, 7), (6, 13), (8, 12), (9, 14), (10, 16)]
[(1, 2), (3, 13), (4, 6), (5, 10), (7, 16), (8, 14), (9, 12), (11, 15)]
[(1, 2), (3, 9), (4, 6), (5, 13), (7, 14), (8, 11), (10, 15), (12, 16)]
[(1, 3), (2, 12), (4, 8), (5, 11), (6, 9), (7, 16), (10, 15), (13, 14)]
[(1, 3), (2, 7), (4, 11), (5, 9), (6, 12), (8, 16), (10, 13), (14, 15)]
[(1, 4), (2, 14), (3, 12), (5, 9), (6, 7), (8, 15), (10, 16), (11, 13)]
[(1, 4), (2, 14), (3, 5), (6, 13), (7, 16), (8, 12), (9, 15), (10, 11)]
[(1, 4), (2, 7), (3, 12), (5, 16), (6, 10), (8, 15), (9, 11), (13, 14)]
[(1, 4), (2, 7), (3, 13), (5, 14), (6, 8), (9, 15), (10, 11), (12, 16)]
[(1, 4), (2, 8), (3, 13), (5, 14), (6, 7), (9, 11), (10, 15), (12, 16)]
[(1, 4), (2, 8), (3, 15), (5, 9), (6, 13), (7, 16), (10, 11), (12, 14)]
[(1, 4), (2, 9), (3, 12), (5, 16), (6, 8), (7, 11), (10, 15), (13, 14)]
[(1, 4), (2, 9), (3, 15), (5, 14), (6, 7), (8, 12), (10, 16), (11, 13)]
[(1, 5), (2, 10), (3, 13), (4, 16), (6, 7), (8, 11), (9, 15), (12, 14)]
[(1, 5), (2, 14), (3, 4), (6, 15), (7, 13), (8, 11), (9, 16), (10, 12)]
[(1, 5), (2, 3), (4, 11), (6, 14), (7, 9), (8, 13), (10, 16), (12, 15)]
[(1, 5), (2, 7), (3, 10), (4, 12), (6, 9), (8, 14), (11, 13), (15, 16)]
[(1, 5), (2, 7), (3, 11), (4, 15), (6, 16), (8, 10), (9, 12), (13, 14)]
[(1, 5), (2, 7), (3, 12), (4, 14), (6, 8), (9, 15), (10, 11), (13, 16)]
[(1, 5), (2, 8), (3, 12), (4, 14), (6, 7), (9, 11), (10, 15), (13, 16)]
[(1, 5), (2, 8), (3, 13), (4, 16), (6, 9), (7, 15), (10, 11), (12, 14)]
[(1, 6), (2, 3), (4, 12), (5, 9), (7, 14), (8, 11), (10, 16), (13, 15)]
[(1, 6), (2, 4), (3, 13), (5, 16), (7, 15), (8, 12), (9, 10), (11, 14)]
[(1, 7), (2, 10), (3, 16), (4, 14), (5, 6), (8, 13), (9, 11), (12, 15)]
[(1, 7), (2, 14), (3, 12), (4, 6), (5, 9), (8, 15), (10, 11), (13, 16)]
[(1, 7), (2, 16), (3, 8), (4, 11), (5, 9), (6, 15), (10, 12), (13, 14)]
[(1, 7), (2, 3), (4, 16), (5, 14), (6, 10), (8, 15), (9, 12), (11, 13)]
[(1, 7), (2, 4), (3, 10), (5, 13), (6, 9), (8, 12), (11, 16), (14, 15)]
[(1, 7), (2, 5), (3, 11), (4, 9), (6, 13), (8, 10), (12, 16), (14, 15)]
[(1, 7), (2, 9), (3, 12), (4, 16), (5, 8), (6, 10), (11, 13), (14, 15)]
[(1, 7), (2, 9), (3, 15), (4, 6), (5, 14), (8, 12), (10, 11), (13, 16)]
[(1, 8), (2, 11), (3, 15), (4, 10), (5, 7), (6, 9), (12, 16), (13, 14)]
[(1, 8), (2, 14), (3, 16), (4, 10), (5, 6), (7, 15), (9, 12), (11, 13)]
[(1, 9), (2, 3), (4, 14), (5, 16), (6, 8), (7, 12), (10, 13), (11, 15)]
[(1, 9), (2, 3), (4, 7), (5, 11), (6, 13), (8, 12), (10, 15), (14, 16)]
